"","V1","V2","V3","V4","V5","V6","V7","V8","V9","V10","V11","V12","V13","V14","V15","V16","V17","V18","V19","V20","V21","V22","V23","V24","V25","V26","V27","V28","V29","V30","V31","V32","V33","V34","V35","V36","V37","V38","V39","V40","V41","V42","V43","V44","V45","V46"
"alabama",0,0,0,0,0,0,0,0.25,0.25,0,0,0,0,0,0,0,0,0,0,0,0,0.25,0,0,0,0,0,0,0,0,0,0,0,0,0,0,0,0.25,0,0,0,0,0,0,0,0
"arizona",0,0,0,0.25,0,0,0,0,0,0,0,0,0,0,0,0,0,0,0,0,0,0,0,0,0,0.25,0,0,0.25,0,0,0,0,0,0,0,0,0,0,0.25,0,0,0,0,0,0
"arkansas",0,0,0,0,0,0,0,0,0,0,0,0,0,0,0,0.166666666666667,0,0,0,0,0,0.166666666666667,0.166666666666667,0,0,0,0,0,0,0,0,0,0.166666666666667,0,0,0,0,0.166666666666667,0.166666666666667,0,0,0,0,0,0,0
"california",0,0.5,0,0,0,0,0,0,0,0,0,0,0,0,0,0,0,0,0,0,0,0,0,0,0,0.5,0,0,0,0,0,0,0,0,0,0,0,0,0,0,0,0,0,0,0,0
"connecticut",0,0,0,0,0,0,0,0,0,0,0,0,0,0,0,0,0,0,0.333333333333333,0,0,0,0,0,0,0,0,0,0,0.333333333333333,0,0,0,0,0.333333333333333,0,0,0,0,0,0,0,0,0,0,0
"delaware",0,0,0,0,0,0,0,0,0,0,0,0,0,0,0,0,0,0.333333333333333,0,0,0,0,0,0,0,0,0,0.333333333333333,0,0,0,0,0,0.333333333333333,0,0,0,0,0,0,0,0,0,0,0,0
"district of columbia",0,0,0,0,0,0,0,0,0,0,0,0,0,0,0,0,0,0.5,0,0,0,0,0,0,0,0,0,0,0,0,0,0,0,0,0,0,0,0,0,0,0,0.5,0,0,0,0
"florida",0.5,0,0,0,0,0,0,0,0.5,0,0,0,0,0,0,0,0,0,0,0,0,0,0,0,0,0,0,0,0,0,0,0,0,0,0,0,0,0,0,0,0,0,0,0,0,0
"georgia",0.25,0,0,0,0,0,0,0.25,0,0,0,0,0,0,0,0,0,0,0,0,0,0,0,0,0,0,0,0,0,0,0,0,0,0,0,0.25,0,0.25,0,0,0,0,0,0,0,0
"idaho",0,0,0,0,0,0,0,0,0,0,0,0,0,0,0,0,0,0,0,0,0,0,0,0.2,0,0.2,0,0,0,0,0,0,0,0,0,0,0,0,0,0.2,0,0,0.2,0,0,0.2
"illinois",0,0,0,0,0,0,0,0,0,0,0,0.2,0.2,0,0.2,0,0,0,0,0,0,0,0.2,0,0,0,0,0,0,0,0,0,0,0,0,0,0,0,0,0,0,0,0,0,0.2,0
"indiana",0,0,0,0,0,0,0,0,0,0,0.25,0,0,0,0.25,0,0,0,0,0.25,0,0,0,0,0,0,0,0,0,0,0,0.25,0,0,0,0,0,0,0,0,0,0,0,0,0,0
"iowa",0,0,0,0,0,0,0,0,0,0,0.166666666666667,0,0,0,0,0,0,0,0,0,0.166666666666667,0,0.166666666666667,0,0.166666666666667,0,0,0,0,0,0,0,0,0,0,0,0.166666666666667,0,0,0,0,0,0,0,0.166666666666667,0
"kansas",0,0,0,0,0,0,0,0,0,0,0,0,0,0,0,0,0,0,0,0,0,0,0.333333333333333,0,0.333333333333333,0,0,0,0,0,0,0,0.333333333333333,0,0,0,0,0,0,0,0,0,0,0,0,0
"kentucky",0,0,0,0,0,0,0,0,0,0,0.142857142857143,0.142857142857143,0,0,0,0,0,0,0,0,0,0,0.142857142857143,0,0,0,0,0,0,0,0,0.142857142857143,0,0,0,0,0,0.142857142857143,0,0,0,0.142857142857143,0,0.142857142857143,0,0
"louisiana",0,0,0.333333333333333,0,0,0,0,0,0,0,0,0,0,0,0,0,0,0,0,0,0,0.333333333333333,0,0,0,0,0,0,0,0,0,0,0,0,0,0,0,0,0.333333333333333,0,0,0,0,0,0,0
"maine",0,0,0,0,0,0,0,0,0,0,0,0,0,0,0,0,0,0,0,0,0,0,0,0,0,0,1,0,0,0,0,0,0,0,0,0,0,0,0,0,0,0,0,0,0,0
"maryland",0,0,0,0,0,0.2,0.2,0,0,0,0,0,0,0,0,0,0,0,0,0,0,0,0,0,0,0,0,0,0,0,0,0,0,0.2,0,0,0,0,0,0,0,0.2,0,0.2,0,0
"massachusetts",0,0,0,0,0.2,0,0,0,0,0,0,0,0,0,0,0,0,0,0,0,0,0,0,0,0,0,0.2,0,0,0.2,0,0,0,0,0.2,0,0,0,0,0,0.2,0,0,0,0,0
"michigan",0,0,0,0,0,0,0,0,0,0,0,0.333333333333333,0,0,0,0,0,0,0,0,0,0,0,0,0,0,0,0,0,0,0,0.333333333333333,0,0,0,0,0,0,0,0,0,0,0,0,0.333333333333333,0
"minnesota",0,0,0,0,0,0,0,0,0,0,0,0,0.25,0,0,0,0,0,0,0,0,0,0,0,0,0,0,0,0,0,0.25,0,0,0,0,0,0.25,0,0,0,0,0,0,0,0.25,0
"mississippi",0.25,0,0.25,0,0,0,0,0,0,0,0,0,0,0,0,0.25,0,0,0,0,0,0,0,0,0,0,0,0,0,0,0,0,0,0,0,0,0,0.25,0,0,0,0,0,0,0,0
"missouri",0,0,0.125,0,0,0,0,0,0,0,0.125,0,0.125,0.125,0.125,0,0,0,0,0,0,0,0,0,0.125,0,0,0,0,0,0,0,0.125,0,0,0,0,0.125,0,0,0,0,0,0,0,0
"montana",0,0,0,0,0,0,0,0,0,0.25,0,0,0,0,0,0,0,0,0,0,0,0,0,0,0,0,0,0,0,0,0.25,0,0,0,0,0,0.25,0,0,0,0,0,0,0,0,0.25
"nebraska",0,0,0,0,0,0,0,0,0,0,0,0,0.2,0.2,0,0,0,0,0,0,0,0,0.2,0,0,0,0,0,0,0,0,0,0,0,0,0,0.2,0,0,0,0,0,0,0,0,0.2
"nevada",0,0.25,0,0.25,0,0,0,0,0,0.25,0,0,0,0,0,0,0,0,0,0,0,0,0,0,0,0,0,0,0,0,0,0,0,0,0,0,0,0,0,0.25,0,0,0,0,0,0
"new hampshire",0,0,0,0,0,0,0,0,0,0,0,0,0,0,0,0,0.333333333333333,0,0.333333333333333,0,0,0,0,0,0,0,0,0,0,0,0,0,0,0,0,0,0,0,0,0,0.333333333333333,0,0,0,0,0
"new jersey",0,0,0,0,0,0.333333333333333,0,0,0,0,0,0,0,0,0,0,0,0,0,0,0,0,0,0,0,0,0,0,0,0.333333333333333,0,0,0,0.333333333333333,0,0,0,0,0,0,0,0,0,0,0,0
"new mexico",0,0.25,0,0,0,0,0,0,0,0,0,0,0,0,0,0,0,0,0,0,0,0,0,0,0,0,0,0,0,0,0,0,0.25,0,0,0,0,0,0.25,0.25,0,0,0,0,0,0
"new york",0,0,0,0,0.2,0,0,0,0,0,0,0,0,0,0,0,0,0,0.2,0,0,0,0,0,0,0,0,0.2,0,0,0,0,0,0.2,0,0,0,0,0,0,0.2,0,0,0,0,0
"north dakota",0,0,0,0,0,0,0,0,0,0,0,0,0,0,0,0,0,0,0,0,0.333333333333333,0,0,0.333333333333333,0,0,0,0,0,0,0,0,0,0,0,0,0.333333333333333,0,0,0,0,0,0,0,0,0
"ohio",0,0,0,0,0,0,0,0,0,0,0,0.2,0,0,0.2,0,0,0,0,0.2,0,0,0,0,0,0,0,0,0,0,0,0,0,0.2,0,0,0,0,0,0,0,0,0,0.2,0,0
"oklahoma",0,0,0.2,0,0,0,0,0,0,0,0,0,0,0.2,0,0,0,0,0,0,0,0,0.2,0,0,0,0,0,0.2,0,0,0,0,0,0,0,0,0,0.2,0,0,0,0,0,0,0
"pennsylvania",0,0,0,0,0,0.166666666666667,0,0,0,0,0,0,0,0,0,0,0,0.166666666666667,0,0,0,0,0,0,0,0,0,0.166666666666667,0,0.166666666666667,0,0.166666666666667,0,0,0,0,0,0,0,0,0,0,0,0.166666666666667,0,0
"rhode island",0,0,0,0,0.5,0,0,0,0,0,0,0,0,0,0,0,0,0,0.5,0,0,0,0,0,0,0,0,0,0,0,0,0,0,0,0,0,0,0,0,0,0,0,0,0,0,0
"south carolina",0,0,0,0,0,0,0,0,1,0,0,0,0,0,0,0,0,0,0,0,0,0,0,0,0,0,0,0,0,0,0,0,0,0,0,0,0,0,0,0,0,0,0,0,0,0
"south dakota",0,0,0,0,0,0,0,0,0,0,0,0,0.166666666666667,0,0,0,0,0,0,0,0.166666666666667,0,0,0.166666666666667,0.166666666666667,0,0,0,0,0,0.166666666666667,0,0,0,0,0,0,0,0,0,0,0,0,0,0,0.166666666666667
"tennessee",0.142857142857143,0,0.142857142857143,0,0,0,0,0,0.142857142857143,0,0,0,0,0,0.142857142857143,0,0,0,0,0,0,0.142857142857143,0.142857142857143,0,0,0,0,0,0,0,0,0,0,0,0,0,0,0,0,0,0,0.142857142857143,0,0,0,0
"texas",0,0,0.25,0,0,0,0,0,0,0,0,0,0,0,0,0.25,0,0,0,0,0,0,0,0,0,0,0,0,0.25,0,0,0,0.25,0,0,0,0,0,0,0,0,0,0,0,0,0
"utah",0,0.2,0,0,0,0,0,0,0,0.2,0,0,0,0,0,0,0,0,0,0,0,0,0,0,0,0.2,0,0,0.2,0,0,0,0,0,0,0,0,0,0,0,0,0,0,0,0,0.2
"vermont",0,0,0,0,0,0,0,0,0,0,0,0,0,0,0,0,0,0,0.333333333333333,0,0,0,0,0,0,0,0.333333333333333,0,0,0.333333333333333,0,0,0,0,0,0,0,0,0,0,0,0,0,0,0,0
"virginia",0,0,0,0,0,0,0.2,0,0,0,0,0,0,0,0.2,0,0,0.2,0,0,0,0,0,0,0,0,0,0,0,0,0,0,0,0,0,0,0,0.2,0,0,0,0,0,0.2,0,0
"washington",0,0,0,0,0,0,0,0,0,1,0,0,0,0,0,0,0,0,0,0,0,0,0,0,0,0,0,0,0,0,0,0,0,0,0,0,0,0,0,0,0,0,0,0,0,0
"west virginia",0,0,0,0,0,0,0,0,0,0,0,0,0,0,0.2,0,0,0.2,0,0,0,0,0,0,0,0,0,0,0,0,0,0.2,0,0.2,0,0,0,0,0,0,0,0.2,0,0,0,0
"wisconsin",0,0,0,0,0,0,0,0,0,0,0.25,0,0.25,0,0,0,0,0,0,0.25,0.25,0,0,0,0,0,0,0,0,0,0,0,0,0,0,0,0,0,0,0,0,0,0,0,0,0
"wyoming",0,0,0,0,0,0,0,0,0,0.2,0,0,0,0,0,0,0,0,0,0,0,0,0,0.2,0.2,0,0,0,0,0,0,0,0,0,0,0,0.2,0,0,0.2,0,0,0,0,0,0
